0, Ashburton Formation, {3487, 6359, 14775, 16814}
1, Beasley River Quartzite, {1202, 12593, 12618, 14083, 14085, 15504, 15505, 16502, 17127, 17128}
2, Bellary Formation, {2834, 9217, 11415}
3, Boolgeeda Iron Formation, {2843, 7561, 7580, 8174, 8385, 8390, 11396, 12618, 14378, 15497, 15527, 16502, 16896}
4, Boongal Formation, {148, 307, 807, 818, 2213, 2214, 2235, 2834, 2835, 2989, 3496, 4226, 4717, 5001, 5276, 6507, 6825, 7097, 7099, 7344, 8390, 8909, 9400, 10762, 12611, 12647, 16015, 16245, 16398, 16744}
5, Brockman Iron Formation, {1202, 1203, 1236, 2235, 2238, 2246, 2834, 2837, 2840, 2843, 2910, 2997, 3489, 3495, 3496, 3498, 4721, 5445, 5446, 5454, 5968, 5969, 5991, 5993, 6000, 6508, 6519, 7105, 7439, 8174, 8390, 8551, 11429, 11442, 11445, 12593, 12627, 12642, 12647, 12660, 14081, 14083, 14085, 14378, 15504, 15505, 15506, 15508, 15510, 16397, 16437, 16480, 16502, 16744, 16754, 16816, 16825, 16878, 16896, 17128}
6, Bunjinah Formation, {313, 818, 962, 2213, 2235, 2834, 2835, 2837, 2843, 2910, 2989, 2996, 2997, 3370, 3496, 3498, 5298, 5454, 5463, 5471, 5475, 6374, 6507, 6508, 6825, 7099, 7222, 7344, 7439, 7966, 8174, 8390, 8752, 8909, 9173, 9401, 10762, 12611, 12647, 12658, 14378, 15397, 16015, 16245, 16397, 16398, 16399, 16480, 16502, 16744, 16825, 16896, 17031, 17127, 17128}
7, Duck Creek Dolomite, {6807, 12618, 15504, 17127, 17128}
8, Fortescue Group, {807, 818, 961, 1831, 2214, 2215, 2219, 2235, 2834, 2989, 2996, 2997, 3489, 3494, 4226, 4717, 5446, 5454, 5968, 6374, 6508, 6825, 7097, 7344, 7805, 8174, 8390, 8752, 8909, 9173, 9218, 9400, 9401, 12611, 12644, 14085, 15397, 15540, 16015, 16245, 16398, 16455, 16744, 16896, 17031, 17128}
9, Hardey Formation, {307, 818, 2213, 2219, 2235, 2834, 3494, 3496, 6825, 7099, 7344, 7436, 7805, 8749, 8909, 9218, 9320, 9400, 10762, 12598, 12605, 12611, 12647, 15340, 15530, 15531, 16398, 16744, 16896}
10, Jeerinah Formation, {313, 961, 962, 1202, 2213, 2235, 2834, 2837, 2843, 2910, 2996, 2997, 3489, 3496, 3498, 4721, 5298, 5446, 5454, 5475, 5968, 5993, 6000, 6508, 6519, 6825, 7439, 7966, 8174, 8390, 9173, 11429, 12591, 12595, 12630, 12644, 12647, 14083, 14378, 15397, 15506, 15508, 15540, 16015, 16397, 16399, 16437, 16480, 16502, 16744, 16825, 16878, 16896, 17128}
11, Kungarra Formation, {16502, 16896}
12, Marra Mamba Iron Formation, {306, 1202, 2235, 2834, 2837, 2840, 2843, 2910, 2996, 2997, 3489, 3496, 3498, 4721, 5446, 5454, 5475, 5968, 5969, 5993, 6000, 6508, 6519, 6825, 7439, 8174, 8390, 8551, 11429, 11445, 12591, 12595, 12630, 12644, 12647, 14083, 14085, 14378, 15506, 15508, 15510, 15546, 16397, 16399, 16437, 16455, 16480, 16502, 16744, 16896, 17128}
13, Milli Milli Inlier greenstones, {818, 5249, 6825, 15530, 15531, 16744}
14, Milli Milli Inlier metagranitc unit, {15531, 16398}
15, Mount McGrath Formation, {2834, 2910, 6508, 12584, 14081, 14083, 16437, 17031, 17127, 17128}
16, Mount McRae Shale and Mount Sylvia Formation, {1202, 1236, 2235, 2840, 2843, 2910, 2996, 2997, 3489, 3496, 3498, 5445, 5446, 5454, 5968, 5993, 6000, 6519, 6825, 7439, 8174, 8390, 8551, 11442, 11445, 12591, 12627, 12642, 12646, 12647, 14083, 14378, 15505, 15508, 15510, 15546, 16437, 16744, 16754}
17, Mount Roe Basalt, {2219, 2834, 8749, 9217, 9218, 9320, 11415, 12598, 15340, 15389}
18, Pyradie Formation, {148, 307, 807, 818, 1831, 2213, 2215, 2229, 2235, 2834, 2835, 3494, 3496, 5252, 6374, 6507, 6508, 6825, 7099, 7222, 7344, 8390, 8752, 8909, 9170, 9401, 10762, 12611, 12647, 16015, 16245, 16398, 16744, 16896, 17031, 17128}
19, Rocklea Inlier greenstones, {7436}
20, Rocklea Inlier metagranitic unit, {7436}
21, Turee Creek Group, {2676, 2729, 2843, 7561, 7580, 7884, 8385, 10703, 11396, 12618, 14378, 15497, 15527, 16502}
22, Weeli Wolli Formation, {2840, 2843, 2910, 3496, 3498, 5960, 5991, 6000, 7105, 7580, 8174, 8385, 8390, 8551, 11396, 11442, 12642, 14081, 14083, 14378, 15497, 15504, 15505, 15527, 16437, 16502, 16816, 16896, 17128}
23, Wittenoom Formation, {1236, 2235, 2840, 2843, 2910, 2996, 2997, 3489, 3495, 3498, 5445, 5446, 5454, 5475, 5960, 5968, 5993, 6000, 6508, 6519, 6825, 7439, 8174, 8390, 8551, 12627, 12642, 12647, 14083, 14378, 15506, 15508, 15510, 16437, 16455, 16480, 16744, 16754}
24, Woongarra Rhyolite, {2843, 3498, 7580, 8174, 8385, 8390, 11396, 14378, 15497, 15527, 16502, 16896}
